@10000
14 00 00 00

@10004
0C 00 00 00

@10008
14 00 00 00

@1000C
0C 00 00 00

@10010
14 00 00 00

@10014
0C 00 00 00

@10018
14 00 00 00

@1001C
0C 00 00 00

@10020
14 00 00 00

@10024
0C 00 00 00

@10028
14 00 00 00

@1002C
0C 00 00 00

@10030
14 00 00 00

@10034
0C 00 00 00

@10038
14 00 00 00

@1003C
0C 00 00 00

@10040
14 00 00 00

@10044
0C 00 00 00

@10048
14 00 00 00

@1004C
0C 00 00 00

@10050
14 00 00 00

@10054
0C 00 00 00

@10058
14 00 00 00

@1005C
0C 00 00 00

@10060
14 00 00 00

@10064
0C 00 00 00

@10068
14 00 00 00

@1006C
0C 00 00 00

@10070
14 00 00 00

@10074
0C 00 00 00

@10078
14 00 00 00

@1007C
0C 00 00 00

@10080
14 00 00 00

@10084
0C 00 00 00

@10088
14 00 00 00

@1008C
0C 00 00 00

@10090
14 00 00 00

@10094
0C 00 00 00

@10098
14 00 00 00

@1009C
0C 00 00 00

@100A0
14 00 00 00

@100A4
0C 00 00 00

@100A8
14 00 00 00

@100AC
0C 00 00 00

@100B0
14 00 00 00

@100B4
0C 00 00 00

@100B8
14 00 00 00

@100BC
0C 00 00 00

@100C0
14 00 00 00

@100C4
0C 00 00 00

@100C8
14 00 00 00

@100CC
0C 00 00 00

@100D0
14 00 00 00

@100D4
0C 00 00 00

@100D8
14 00 00 00

@100DC
0C 00 00 00

@100E0
14 00 00 00

@100E4
0C 00 00 00

@100E8
14 00 00 00

@100EC
0C 00 00 00

@100F0
14 00 00 00

@100F4
0C 00 00 00

@100F8
14 00 00 00

@100FC
0C 00 00 00

@10100
14 00 00 00

@10104
0C 00 00 00

@10108
14 00 00 00

@1010C
0C 00 00 00

@10110
14 00 00 00

@10114
0C 00 00 00

@10118
14 00 00 00

@1011C
0C 00 00 00

@10120
14 00 00 00

@10124
0C 00 00 00

@10128
14 00 00 00

@1012C
0C 00 00 00

@10130
14 00 00 00

@10134
0C 00 00 00

@10138
14 00 00 00

@1013C
0C 00 00 00

@10140
14 00 00 00

@10144
0C 00 00 00

@10148
14 00 00 00

@1014C
0C 00 00 00

@10150
14 00 00 00

@10154
0C 00 00 00

@10158
14 00 00 00

@1015C
0C 00 00 00

@10160
14 00 00 00

@10164
0C 00 00 00

@10168
14 00 00 00

@1016C
0C 00 00 00

@10170
14 00 00 00

@10174
0C 00 00 00

@10178
14 00 00 00

@1017C
0C 00 00 00

@10180
14 00 00 00

@10184
0C 00 00 00

@10188
14 00 00 00

@1018C
0C 00 00 00

@10190
14 00 00 00

@10194
0C 00 00 00

@10198
14 00 00 00

@1019C
0C 00 00 00

@101A0
14 00 00 00

@101A4
0C 00 00 00

@101A8
14 00 00 00

@101AC
0C 00 00 00

@101B0
14 00 00 00

@101B4
0C 00 00 00

@101B8
14 00 00 00

@101BC
0C 00 00 00

@101C0
14 00 00 00

@101C4
0C 00 00 00

@101C8
14 00 00 00

@101CC
0C 00 00 00

@101D0
14 00 00 00

@101D4
0C 00 00 00

@101D8
14 00 00 00

@101DC
0C 00 00 00

@101E0
14 00 00 00

@101E4
0C 00 00 00

@101E8
14 00 00 00

@101EC
0C 00 00 00

@101F0
14 00 00 00

@101F4
0C 00 00 00

@101F8
14 00 00 00

@101FC
0C 00 00 00

@10200
14 00 00 00

@10204
0C 00 00 00

@10208
14 00 00 00

@1020C
0C 00 00 00

@10210
14 00 00 00

@10214
0C 00 00 00

@10218
14 00 00 00

@1021C
0C 00 00 00

@10220
14 00 00 00

@10224
0C 00 00 00

@10228
14 00 00 00

@1022C
0C 00 00 00

@10230
14 00 00 00

@10234
0C 00 00 00

@10238
14 00 00 00

@1023C
0C 00 00 00

@10240
14 00 00 00

@10244
0C 00 00 00

@10248
14 00 00 00

@1024C
0C 00 00 00

@10250
14 00 00 00

@10254
0C 00 00 00

@10258
14 00 00 00

@1025C
0C 00 00 00

@10260
14 00 00 00

@10264
0C 00 00 00

@10268
14 00 00 00

@1026C
0C 00 00 00

@10270
14 00 00 00

@10274
0C 00 00 00

@10278
14 00 00 00

@1027C
0C 00 00 00

@10280
14 00 00 00

@10284
0C 00 00 00

@10288
14 00 00 00

@1028C
0C 00 00 00

@10290
14 00 00 00

@10294
0C 00 00 00

@10298
14 00 00 00

@1029C
0C 00 00 00

@102A0
14 00 00 00

@102A4
0C 00 00 00

@102A8
14 00 00 00

@102AC
0C 00 00 00

@102B0
14 00 00 00

@102B4
0C 00 00 00

@102B8
14 00 00 00

@102BC
0C 00 00 00

@102C0
14 00 00 00

@102C4
0C 00 00 00

@102C8
14 00 00 00

@102CC
0C 00 00 00

@102D0
14 00 00 00

@102D4
0C 00 00 00

@102D8
14 00 00 00

@102DC
0C 00 00 00

@102E0
14 00 00 00

@102E4
0C 00 00 00

@102E8
14 00 00 00

@102EC
0C 00 00 00

@102F0
14 00 00 00

@102F4
0C 00 00 00

@102F8
14 00 00 00

@102FC
0C 00 00 00

@10300
14 00 00 00

@10304
0C 00 00 00

@10308
14 00 00 00

@1030C
0C 00 00 00

@10310
14 00 00 00

@10314
0C 00 00 00

@10318
14 00 00 00

@1031C
0C 00 00 00

@10320
14 00 00 00

@10324
0C 00 00 00

@10328
14 00 00 00

@1032C
0C 00 00 00

@10330
14 00 00 00

@10334
0C 00 00 00

@10338
14 00 00 00

@1033C
0C 00 00 00

@10340
14 00 00 00

@10344
0C 00 00 00

@10348
14 00 00 00

@1034C
0C 00 00 00

@10350
14 00 00 00

@10354
0C 00 00 00

@10358
14 00 00 00

@1035C
0C 00 00 00

@10360
14 00 00 00

@10364
0C 00 00 00

@10368
14 00 00 00

@1036C
0C 00 00 00

@10370
14 00 00 00

@10374
0C 00 00 00

@10378
14 00 00 00

@1037C
0C 00 00 00

@10380
14 00 00 00

@10384
0C 00 00 00

@10388
14 00 00 00

@1038C
0C 00 00 00

@10390
14 00 00 00

@10394
0C 00 00 00

@10398
14 00 00 00

@1039C
0C 00 00 00

@103A0
14 00 00 00

@103A4
0C 00 00 00

@103A8
14 00 00 00

@103AC
0C 00 00 00

@103B0
14 00 00 00

@103B4
0C 00 00 00

@103B8
14 00 00 00

@103BC
0C 00 00 00

@103C0
14 00 00 00

@103C4
0C 00 00 00

@103C8
14 00 00 00

@103CC
0C 00 00 00

@103D0
14 00 00 00

@103D4
0C 00 00 00

@103D8
14 00 00 00

@103DC
0C 00 00 00

@103E0
14 00 00 00

@103E4
0C 00 00 00

@103E8
14 00 00 00

@103EC
0C 00 00 00

@103F0
14 00 00 00

@103F4
0C 00 00 00

@103F8
14 00 00 00

@103FC
0C 00 00 00

@10400
14 00 00 00

@10404
0C 00 00 00

@10408
14 00 00 00

@1040C
0C 00 00 00

@10410
14 00 00 00

@10414
0C 00 00 00

@10418
14 00 00 00

@1041C
0C 00 00 00

@10420
14 00 00 00

@10424
0C 00 00 00

@10428
14 00 00 00

@1042C
0C 00 00 00

@10430
14 00 00 00

@10434
0C 00 00 00

@10438
14 00 00 00

@1043C
0C 00 00 00

@10440
14 00 00 00

@10444
0C 00 00 00

@10448
14 00 00 00

@1044C
0C 00 00 00

@10450
14 00 00 00

@10454
0C 00 00 00

@10458
14 00 00 00

@1045C
0C 00 00 00

@10460
14 00 00 00

@10464
0C 00 00 00

@10468
14 00 00 00

@1046C
0C 00 00 00

@10470
14 00 00 00

@10474
0C 00 00 00

@10478
14 00 00 00

@1047C
0C 00 00 00

@10480
14 00 00 00

@10484
0C 00 00 00

@10488
14 00 00 00

@1048C
0C 00 00 00

@10490
14 00 00 00

@10494
0C 00 00 00

@10498
14 00 00 00

@1049C
0C 00 00 00

@104A0
14 00 00 00

@104A4
0C 00 00 00

@104A8
14 00 00 00

@104AC
0C 00 00 00

@104B0
14 00 00 00

@104B4
0C 00 00 00

@104B8
14 00 00 00

@104BC
0C 00 00 00

@104C0
14 00 00 00

@104C4
0C 00 00 00

@104C8
14 00 00 00

@104CC
0C 00 00 00

@104D0
14 00 00 00

@104D4
0C 00 00 00

@104D8
14 00 00 00

@104DC
0C 00 00 00

@104E0
14 00 00 00

@104E4
0C 00 00 00

@104E8
14 00 00 00

@104EC
0C 00 00 00

@104F0
14 00 00 00

@104F4
0C 00 00 00

@104F8
14 00 00 00

@104FC
0C 00 00 00

@10500
14 00 00 00

@10504
0C 00 00 00

@10508
14 00 00 00

@1050C
0C 00 00 00

@10510
14 00 00 00

@10514
0C 00 00 00

@10518
14 00 00 00

@1051C
0C 00 00 00

@10520
14 00 00 00

@10524
0C 00 00 00

@10528
14 00 00 00

@1052C
0C 00 00 00

@10530
14 00 00 00

@10534
0C 00 00 00

@10538
14 00 00 00

@1053C
0C 00 00 00

@10540
14 00 00 00

@10544
0C 00 00 00

@10548
14 00 00 00

@1054C
0C 00 00 00

@10550
14 00 00 00

@10554
0C 00 00 00

@10558
14 00 00 00

@1055C
0C 00 00 00

@10560
14 00 00 00

@10564
0C 00 00 00

@10568
14 00 00 00

@1056C
0C 00 00 00

@10570
14 00 00 00

@10574
0C 00 00 00

@10578
14 00 00 00

@1057C
0C 00 00 00

@10580
14 00 00 00

@10584
0C 00 00 00

@10588
14 00 00 00

@1058C
0C 00 00 00

@10590
14 00 00 00

@10594
0C 00 00 00

@10598
14 00 00 00

@1059C
0C 00 00 00

@105A0
14 00 00 00

@105A4
0C 00 00 00

@105A8
14 00 00 00

@105AC
0C 00 00 00

@105B0
14 00 00 00

@105B4
0C 00 00 00

@105B8
14 00 00 00

@105BC
0C 00 00 00

@105C0
14 00 00 00

@105C4
0C 00 00 00

@105C8
14 00 00 00

@105CC
0C 00 00 00

@105D0
14 00 00 00

@105D4
0C 00 00 00

@105D8
14 00 00 00

@105DC
0C 00 00 00

@105E0
14 00 00 00

@105E4
0C 00 00 00

@105E8
14 00 00 00

@105EC
0C 00 00 00

@105F0
14 00 00 00

@105F4
0C 00 00 00

@105F8
14 00 00 00

@105FC
0C 00 00 00

@10600
14 00 00 00

@10604
0C 00 00 00

@10608
14 00 00 00

@1060C
0C 00 00 00

@10610
14 00 00 00

@10614
0C 00 00 00

@10618
14 00 00 00

@1061C
0C 00 00 00

@10620
14 00 00 00

@10624
0C 00 00 00

@10628
14 00 00 00

@1062C
0C 00 00 00

@10630
14 00 00 00

@10634
0C 00 00 00

@10638
14 00 00 00

@1063C
0C 00 00 00

@10640
14 00 00 00

@10644
0C 00 00 00

@10648
14 00 00 00

@1064C
0C 00 00 00

@10650
14 00 00 00

@10654
0C 00 00 00

@10658
14 00 00 00

@1065C
0C 00 00 00

@10660
14 00 00 00

@10664
0C 00 00 00

@10668
14 00 00 00

@1066C
0C 00 00 00

@10670
14 00 00 00

@10674
0C 00 00 00

@10678
14 00 00 00

@1067C
0C 00 00 00

@10680
14 00 00 00

@10684
0C 00 00 00

@10688
14 00 00 00

@1068C
0C 00 00 00

@10690
14 00 00 00

@10694
0C 00 00 00

@10698
14 00 00 00

@1069C
0C 00 00 00

@106A0
14 00 00 00

@106A4
0C 00 00 00

@106A8
14 00 00 00

@106AC
0C 00 00 00

@106B0
14 00 00 00

@106B4
0C 00 00 00

@106B8
14 00 00 00

@106BC
0C 00 00 00

@106C0
14 00 00 00

@106C4
0C 00 00 00

@106C8
14 00 00 00

@106CC
0C 00 00 00

@106D0
14 00 00 00

@106D4
0C 00 00 00

@106D8
14 00 00 00

@106DC
0C 00 00 00

@106E0
14 00 00 00

@106E4
0C 00 00 00

@106E8
14 00 00 00

@106EC
0C 00 00 00

@106F0
14 00 00 00

@106F4
0C 00 00 00

@106F8
14 00 00 00

@106FC
0C 00 00 00

@10700
14 00 00 00

@10704
0C 00 00 00

@10708
14 00 00 00

@1070C
0C 00 00 00

@10710
14 00 00 00

@10714
0C 00 00 00

@10718
14 00 00 00

@1071C
0C 00 00 00

@10720
14 00 00 00

@10724
0C 00 00 00

@10728
14 00 00 00

@1072C
0C 00 00 00

@10730
14 00 00 00

@10734
0C 00 00 00

@10738
14 00 00 00

@1073C
0C 00 00 00

@10740
14 00 00 00

@10744
0C 00 00 00

@10748
14 00 00 00

@1074C
0C 00 00 00

@10750
14 00 00 00

@10754
0C 00 00 00

@10758
14 00 00 00

@1075C
0C 00 00 00

@10760
14 00 00 00

@10764
0C 00 00 00

@10768
14 00 00 00

@1076C
0C 00 00 00

@10770
14 00 00 00

@10774
0C 00 00 00

@10778
14 00 00 00

@1077C
0C 00 00 00

@10780
14 00 00 00

@10784
0C 00 00 00

@10788
14 00 00 00

@1078C
0C 00 00 00

@10790
14 00 00 00

@10794
0C 00 00 00

@10798
14 00 00 00

@1079C
0C 00 00 00

@107A0
14 00 00 00

@107A4
0C 00 00 00

@107A8
14 00 00 00

@107AC
0C 00 00 00

@107B0
14 00 00 00

@107B4
0C 00 00 00

@107B8
14 00 00 00

@107BC
0C 00 00 00

@107C0
14 00 00 00

@107C4
0C 00 00 00

@107C8
14 00 00 00

@107CC
0C 00 00 00

@107D0
14 00 00 00

@107D4
0C 00 00 00

@107D8
14 00 00 00

@107DC
0C 00 00 00

@107E0
14 00 00 00

@107E4
0C 00 00 00

@107E8
14 00 00 00

@107EC
0C 00 00 00

@107F0
14 00 00 00

@107F4
0C 00 00 00

@107F8
14 00 00 00

@107FC
0C 00 00 00

